SCHOOL_YEAR,DISTRICT,NEW_KINDERGARTEN,GRADUATES,NET
2015,5,406,-417,-11
2016,5,391,-414,-23
2017,5,381,-450,-69
2018,5,392,-412,-20
2019,5,427,-429,-2
2020,5,392,-425,-33
2015,6,255,-242,13
2016,6,225,-226,-1
2017,6,249,-207,42
2018,6,244,-207,37
2019,6,235,-183,52
2020,6,233,-219,14
2015,8,286,-332,-46
2016,8,316,-332,-16
2017,8,287,-368,-81
2018,8,312,-391,-79
2019,8,302,-299,3
2020,8,285,-320,-35
2015,10,25,-23,2
2016,10,24,-30,-6
2017,10,23,-40,-17
2018,10,39,-30,9
2019,10,37,-32,5
2020,10,36,-23,13
2015,19,63,-67,-4
2016,19,83,-59,24
2017,19,67,-70,-3
2018,19,107,-68,39
2019,19,97,-70,27
2020,19,84,-64,20
2015,20,256,-351,-95
2016,20,325,-304,21
2017,20,286,-279,7
2018,20,304,-314,-10
2019,20,310,-300,10
2020,20,289,-285,4
2015,22,550,-616,-66
2016,22,570,-597,-27
2017,22,587,-601,-14
2018,22,590,-608,-18
2019,22,605,-603,2
2020,22,561,-630,-69
2015,23,1518,-2043,-525
2016,23,1573,-1870,-297
2017,23,1497,-1933,-436
2018,23,1648,-1783,-135
2019,23,1661,-1912,-251
2020,23,1678,-1879,-201
2015,27,312,-330,-18
2016,27,315,-334,-19
2017,27,345,-334,11
2018,27,343,-334,9
2019,27,342,-336,6
2020,27,296,-303,-7
2015,28,220,-296,-76
2016,28,204,-262,-58
2017,28,203,-289,-86
2018,28,188,-205,-17
2019,28,216,-222,-6
2020,28,193,-172,21
2015,33,881,-1029,-148
2016,33,907,-1020,-113
2017,33,939,-1062,-123
2018,33,987,-1031,-44
2019,33,955,-1193,-238
2020,33,915,-1049,-134
2015,34,1454,-1554,-100
2016,34,1515,-1509,6
2017,34,1433,-1511,-78
2018,34,1484,-1499,-15
2019,34,1414,-1507,-93
2020,34,1399,-1420,-21
2015,35,1410,-1355,55
2016,35,1536,-1291,245
2017,35,1497,-1402,95
2018,35,1485,-1433,52
2019,35,1586,-1457,129
2020,35,1534,-1437,97
2015,36,4885,-5248,-363
2016,36,5014,-5329,-315
2017,36,5166,-5109,57
2018,36,5056,-5196,-140
2019,36,5047,-5240,-193
2020,36,4888,-4941,-53
2015,37,1020,-1253,-233
2016,37,1014,-1282,-268
2017,37,982,-1165,-183
2018,37,978,-1140,-162
2019,37,1010,-1198,-188
2020,37,957,-1231,-274
2015,38,1287,-1801,-514
2016,38,1256,-1700,-444
2017,38,1452,-1564,-112
2018,38,1376,-1599,-223
2019,38,1536,-1576,-40
2020,38,1354,-1443,-89
2015,39,3559,-4151,-592
2016,39,3654,-3952,-298
2017,39,3626,-3996,-370
2018,39,3477,-3931,-454
2019,39,3516,-3791,-275
2020,39,3478,-3591,-113
2015,40,557,-416,141
2016,40,559,-409,150
2017,40,543,-361,182
2018,40,580,-404,176
2019,40,529,-385,144
2020,40,530,-419,111
2015,41,1641,-1952,-311
2016,41,1729,-2026,-297
2017,41,1815,-1932,-117
2018,41,1705,-1950,-245
2019,41,1795,-1934,-139
2020,41,1693,-1975,-282
2015,42,1067,-976,91
2016,42,1034,-1051,-17
2017,42,1124,-1166,-42
2018,42,1123,-1084,39
2019,42,1134,-1063,71
2020,42,1222,-1199,23
2015,43,2115,-2553,-438
2016,43,2007,-2645,-638
2017,43,2111,-2645,-534
2018,43,2052,-2665,-613
2019,43,2181,-2691,-510
2020,43,2136,-2633,-497
2015,44,1138,-1119,19
2016,44,1087,-1158,-71
2017,44,1170,-1132,38
2018,44,1078,-1166,-88
2019,44,1123,-1106,17
2020,44,1097,-1081,16
2015,45,372,-605,-233
2016,45,379,-587,-208
2017,45,388,-611,-223
2018,45,384,-677,-293
2019,45,382,-673,-291
2020,45,386,-586,-200
2015,46,217,-227,-10
2016,46,242,-231,11
2017,46,238,-228,10
2018,46,241,-211,30
2019,46,242,-205,37
2020,46,219,-191,28
2015,47,140,-123,17
2016,47,140,-96,44
2017,47,122,-74,48
2018,47,155,-129,26
2019,47,184,-94,90
2020,47,232,-155,77
2015,48,397,-286,111
2016,48,431,-332,99
2017,48,398,-300,98
2018,48,450,-376,74
2019,48,376,-341,35
2020,48,363,-358,5
2015,49,20,-14,6
2016,49,18,-12,6
2017,49,10,-12,-2
2018,49,15,-9,6
2019,49,13,-13,0
2020,49,17,-10,7
2015,50,32,-39,-7
2016,50,38,-52,-14
2017,50,30,-39,-9
2018,50,16,-53,-37
2019,50,27,-33,-6
2020,50,25,-27,-2
2015,51,82,-75,7
2016,51,85,-79,6
2017,51,88,-85,3
2018,51,81,-89,-8
2019,51,83,-91,-8
2020,51,70,-81,-11
2015,52,158,-162,-4
2016,52,121,-165,-44
2017,52,142,-137,5
2018,52,124,-113,11
2019,52,127,-161,-34
2020,52,116,-151,-35
2015,53,138,-193,-55
2016,53,170,-183,-13
2017,53,145,-186,-41
2018,53,153,-184,-31
2019,53,162,-185,-23
2020,53,146,-195,-49
2015,54,144,-207,-63
2016,54,129,-153,-24
2017,54,128,-162,-34
2018,54,130,-170,-40
2019,54,138,-144,-6
2020,54,112,-131,-19
2015,57,947,-1040,-93
2016,57,957,-1013,-56
2017,57,956,-1051,-95
2018,57,973,-1048,-75
2019,57,919,-932,-13
2020,57,903,-938,-35
2015,58,147,-144,3
2016,58,147,-154,-7
2017,58,142,-142,0
2018,58,136,-149,-13
2019,58,130,-133,-3
2020,58,118,-151,-33
2015,59,287,-272,15
2016,59,276,-271,5
2017,59,262,-227,35
2018,59,282,-254,28
2019,59,277,-247,30
2020,59,257,-235,22
2015,60,489,-242,247
2016,60,471,-346,125
2017,60,507,-303,204
2018,60,519,-330,189
2019,60,494,-362,132
2020,60,486,-342,144
2015,61,1446,-1379,67
2016,61,1435,-1359,76
2017,61,1469,-1197,272
2018,61,1503,-1307,196
2019,61,1465,-1383,82
2020,61,1462,-1512,-50
2015,62,768,-448,320
2016,62,757,-500,257
2017,62,846,-560,286
2018,62,831,-569,262
2019,62,856,-709,147
2020,62,883,-607,276
2015,63,423,-484,-61
2016,63,389,-470,-81
2017,63,474,-432,42
2018,63,448,-466,-18
2019,63,487,-503,-16
2020,63,509,-514,-5
2015,64,132,-157,-25
2016,64,109,-124,-15
2017,64,109,-123,-14
2018,64,105,-116,-11
2019,64,91,-148,-57
2020,64,86,-114,-28
2015,67,354,-439,-85
2016,67,350,-519,-169
2017,67,351,-514,-163
2018,67,373,-516,-143
2019,67,341,-533,-192
2020,67,365,-511,-146
2015,68,979,-916,63
2016,68,1050,-962,88
2017,68,1023,-844,179
2018,68,1063,-828,235
2019,68,1056,-973,83
2020,68,1069,-901,168
2015,69,262,-224,38
2016,69,278,-306,-28
2017,69,279,-254,25
2018,69,301,-281,20
2019,69,282,-246,36
2020,69,293,-223,70
2015,70,271,-303,-32
2016,70,279,-263,16
2017,70,219,-314,-95
2018,70,259,-288,-29
2019,70,272,-300,-28
2020,70,272,-282,-10
2015,71,549,-465,84
2016,71,613,-518,95
2017,71,620,-419,201
2018,71,600,-455,145
2019,71,631,-485,146
2020,71,708,-510,198
2015,72,380,-401,-21
2016,72,419,-405,14
2017,72,365,-418,-53
2018,72,414,-452,-38
2019,72,422,-403,19
2020,72,401,-427,-26
2015,73,983,-1280,-297
2016,73,1056,-1204,-148
2017,73,1090,-1171,-81
2018,73,1040,-1115,-75
2019,73,1129,-1109,20
2020,73,1072,-1085,-13
2015,74,84,-72,12
2016,74,70,-80,-10
2017,74,90,-67,23
2018,74,68,-63,5
2019,74,81,-64,17
2020,74,65,-69,-4
2015,75,473,-360,113
2016,75,462,-355,107
2017,75,467,-362,105
2018,75,465,-349,116
2019,75,471,-360,111
2020,75,526,-337,189
2015,78,102,-103,-1
2016,78,126,-102,24
2017,78,100,-100,0
2018,78,109,-98,11
2019,78,128,-117,11
2020,78,107,-113,-6
2015,79,513,-546,-33
2016,79,562,-567,-5
2017,79,531,-455,76
2018,79,616,-505,111
2019,79,576,-575,1
2020,79,573,-561,12
2015,81,49,-39,10
2016,81,60,-62,-2
2017,81,57,-44,13
2018,81,47,-46,1
2019,81,54,-40,14
2020,81,33,-36,-3
2015,82,257,-344,-87
2016,82,273,-390,-117
2017,82,278,-318,-40
2018,82,313,-279,34
2019,82,292,-268,24
2020,82,228,-306,-78
2015,83,435,-510,-75
2016,83,445,-475,-30
2017,83,424,-456,-32
2018,83,444,-449,-5
2019,83,460,-512,-52
2020,83,479,-437,42
2015,84,32,-28,4
2016,84,33,-24,9
2017,84,23,-34,-11
2018,84,17,-27,-10
2019,84,22,-38,-16
2020,84,20,-51,-31
2015,85,78,-82,-4
2016,85,92,-79,13
2017,85,79,-85,-6
2018,85,75,-88,-13
2019,85,69,-101,-32
2020,85,60,-82,-22
2015,87,14,-16,-2
2016,87,9,-8,1
2017,87,12,-16,-4
2018,87,9,-11,-2
2019,87,11,-10,1
2020,87,10,-5,5
2015,91,264,-256,8
2016,91,215,-308,-93
2017,91,240,-271,-31
2018,91,203,-236,-33
2019,91,207,-259,-52
2020,91,193,-244,-51
2015,92,34,-22,12
2016,92,26,-9,17
2017,92,28,-15,13
2018,92,30,-24,6
2019,92,24,-20,4
2020,92,25,-21,4
2015,93,586,-137,449
2016,93,622,-161,461
2017,93,639,-148,491
2018,93,635,-162,473
2019,93,656,-194,462
2020,93,654,-187,467
2015,99,37943,-40764,-2821
2016,99,38671,-40721,-2050
2017,99,39152,-39786,-634
2018,99,39175,-39974,-799
2019,99,39694,-40487,-793
2020,99,38793,-39421,-628
